161,236,197
209,249,117
175,254,159
191,150,173
153,198,154
109,150,173
250,170,176
107,102,167
224,144,104
237,134,213
186,150,151
120,173,171
115,127,151
131,133,109
202,239,218
138,164,248
189,199,192
148,114,219
102,240,211
111,216,227
189,197,189
165,157,232
146,192,193
108,197,135
209,240,116
157,101,107
239,207,114
168,178,244
234,142,125
138,210,144
135,228,190
153,156,233
124,182,117
154,128,147
180,159,108
188,232,180
225,173,158
163,203,159
108,202,129
227,163,164
114,125,132
130,233,184
229,160,129
139,229,110
208,245,241
235,209,204
193,181,165
183,226,247
147,131,202
197,226,128
168,169,255
125,235,209
157,226,238
185,255,230
171,130,200
144,143,106
240,113,130
244,244,167
210,214,177
236,237,223
176,247,221
156,229,255
149,105,120
203,136,138
185,250,163
218,131,109
208,138,114
143,130,191
153,239,172
137,127,141
179,208,157
115,195,160
149,248,211
147,211,122
204,143,119
200,130,120
155,181,186
161,239,217
184,213,217
109,100,228
249,163,171
186,248,222
188,109,235
178,206,233
192,125,209
187,174,116
175,118,246
199,193,142
172,115,205
149,157,223
126,184,232
203,240,214
109,158,195
236,223,234
108,113,189
220,218,214
183,203,138
199,146,183
178,213,243
226,176,240
146,101,212
110,141,138
243,250,234
228,145,180
223,113,119
157,196,197
230,109,146
209,188,118
245,226,201
233,109,188
206,217,130
188,183,187
130,110,173
170,214,166
248,148,245
184,110,170
228,174,199
124,112,211
132,157,184
188,221,211
119,148,146
209,158,192
174,144,150
169,144,188
148,154,151
108,100,121
168,110,171
104,179,151
161,233,175
225,135,108
167,122,161
184,239,184
115,232,133
184,231,174
173,159,201
206,104,163
211,232,216
228,253,203
230,148,224
234,194,120
111,118,216
252,160,148
117,156,225
171,148,193
118,220,152
200,202,120
203,175,195
100,212,156
204,104,219
250,197,189
147,225,108
120,176,240
206,187,218
237,189,228
171,188,223
139,186,181
206,211,246
107,154,187
219,210,158
225,234,129
243,178,123
197,217,237
133,250,187
130,168,237
181,132,153
121,209,181
207,172,108
236,134,131
232,161,138
238,151,149
203,205,138
232,107,155
173,112,172
222,111,115
166,202,135
199,135,205
114,179,122
134,216,228
105,184,220
197,196,196
175,118,100
203,115,130
242,191,156
163,206,121
122,238,179
150,200,212
102,219,215
175,145,159
111,142,209
127,141,222
165,137,194
145,193,135
134,163,129
126,143,151
109,169,176
121,176,203
142,120,227
170,167,171
115,206,118
120,138,211
176,151,214
222,103,253
152,189,248
112,156,108
143,112,249
195,102,209
183,158,186
125,218,166
155,185,116
230,207,245
244,222,111
224,188,226
198,130,147
229,150,148
165,230,224
128,103,210
145,203,204
157,124,246
106,126,206
225,235,201
181,150,163
209,246,209
153,104,226
162,237,255
100,128,200
245,109,201
208,205,174
235,104,104
249,250,183
186,170,209