161,236,197
209,249,117
175,254,159
191,150,173
153,198,154
109,150,173
250,170,176
107,102,167
224,144,104
237,134,213
186,150,151
120,173,171
71,57,61
62,72,2
115,127,151
131,133,109
202,239,218
138,164,248
189,199,192
148,114,219
51,91,34
102,240,211
111,216,227
22,26,47
57,72,87
31,78,20
189,197,189
165,157,232
146,192,193
108,197,135
209,240,116
6,52,74
3,34,32
157,101,107
239,207,114
168,178,244
88,20,45
234,142,125
138,210,144
135,228,190
58,62,71
153,156,233
43,42,77
124,182,117
154,128,147
180,159,108
188,232,180
225,173,158
43,9,68
163,203,159
108,202,129
227,163,164
114,125,132
130,233,184
229,160,129
139,229,110
208,245,241
235,209,204
193,181,165
183,226,247
56,83,79
147,131,202
76,12,51
26,22,20
92,50,64
197,226,128
168,169,255
125,235,209
74,98,11
157,226,238
185,255,230
4,85,21
171,130,200
144,143,106
240,113,130
244,244,167
210,214,177
236,237,223
176,247,221
156,229,255
149,105,120
1,30,26
40,65,8
203,136,138
185,250,163
218,131,109
208,138,114
143,130,191
34,57,54
153,239,172
73,39,29
137,127,141
65,26,35
3,55,16
179,208,157
43,3,83
115,195,160
149,248,211
66,9,44
79,96,84
33,27,72
44,83,76
147,211,122
204,143,119
99,6,31
200,130,120
155,181,186
161,239,217
184,213,217
109,100,228
249,163,171
186,248,222
188,109,235
178,206,233
192,125,209
187,174,116
175,118,246
19,50,55
199,193,142
172,115,205
64,14,69
57,3,70
93,11,19
149,157,223
71,20,35
126,184,232
203,240,214
109,158,195
236,223,234
108,113,189
220,218,214
183,203,138
199,146,183
178,213,243
68,74,62
48,47,75
226,176,240
146,101,212
110,141,138
243,250,234
62,7,47
228,145,180
91,18,2
223,113,119
157,196,197
230,109,146
60,79,1
96,18,32
209,188,118
96,91,14
91,17,58
67,83,13
50,11,48
245,226,201
233,109,188
206,217,130
32,63,49
37,16,5
188,183,187
130,110,173
170,214,166
248,148,245
30,48,4
184,110,170
228,174,199
86,66,77
94,42,12
42,53,66
73,92,30
124,112,211
56,6,79
132,157,184
188,221,211
8,89,34
119,148,146
74,58,83
209,158,192
75,59,93
61,1,66
174,144,150
53,5,96
169,144,188
148,154,151
108,100,121
168,110,171
77,39,71
24,1,3
104,179,151
161,233,175
2,86,12
77,44,47
225,135,108
167,122,161
86,77,18
184,239,184
19,19,62
34,14,58
115,232,133
184,231,174
173,159,201
34,27,66
206,104,163
211,232,216
43,54,30
93,29,78
228,253,203
58,90,4
230,148,224
234,194,120
90,33,39
70,5,48
111,118,216
252,160,148
44,45,86
117,156,225
35,54,46
171,148,193
31,6,95
118,220,152
200,202,120
94,3,89
203,175,195
15,66,15
94,61,91
21,54,65
100,212,156
21,75,26
204,104,219
250,197,189
147,225,108
21,52,34
120,176,240
206,187,218
237,189,228
171,188,223
139,186,181
206,211,246
107,154,187
67,96,36
219,210,158
225,234,129
243,178,123
197,217,237
133,250,187
130,168,237
181,132,153
121,209,181
84,71,8
207,172,108
236,134,131
42,54,25
232,161,138
238,151,149
203,205,138
7,34,49
93,67,13
44,1,27
232,107,155
39,24,81
37,12,40
173,112,172
95,92,35
81,59,64
222,111,115
166,202,135
199,135,205
114,179,122
134,216,228
105,184,220
80,57,68
67,8,31
197,196,196
94,88,68
175,118,100
17,61,72
203,115,130
242,191,156
163,206,121
122,238,179
150,200,212
47,2,3
102,219,215
175,145,159
111,142,209
7,59,92
65,4,72
20,57,20
127,141,222
165,137,194
145,193,135
90,15,35
28,80,79
134,163,129
126,143,151
109,169,176
88,27,88
79,66,12
121,176,203
142,120,227
170,167,171
96,37,19
115,206,118
93,6,5
120,138,211
176,151,214
222,103,253
94,40,80
152,189,248
112,156,108
84,88,54
143,112,249
195,102,209
65,65,39
2,2,14
183,158,186
125,218,166
155,185,116
230,207,245
244,222,111
26,96,6
224,188,226
89,64,49
25,52,87
70,46,24
198,130,147
229,150,148
165,230,224
128,103,210
45,67,66
145,203,204
61,5,24
157,124,246
57,99,91
43,38,29
14,26,56
106,126,206
59,3,15
225,235,201
181,150,163
209,246,209
63,87,94
90,72,47
26,5,88
15,40,24
49,49,72
153,104,226
52,56,17
162,237,255
49,66,53
39,84,13
100,128,200
36,81,68
245,109,201
208,205,174
235,104,104
52,38,57
7,36,57
249,250,183
6,98,59
18,73,77
186,170,209